function N = silicon(lambda)

%funcion que devuelve el indice de refraccion real e imaginario del silicio
%puro. Interpola los valores de las tablas provistas por Sopra (ver
%http://refractiveindex.info/index.php?group=CRYSTALS&material=Si&option=so
%pra&wavelength=0.8266)

longda=[1.63138E-7	1.63569E-7	1.64002E-7	1.64437E-7	1.64874E-7	1.65314E-7	1.65756E-7	1.662E-7	1.66647E-7	1.67096E-7	1.67548E-7	1.68002E-7	1.68458E-7	1.68917E-7	1.69379E-7	1.69843E-7	1.70309E-7	1.70778E-7	1.7125E-7	1.71725E-7	1.72202E-7	1.72681E-7	1.73164E-7	1.73649E-7	1.74136E-7	1.74627E-7	1.7512E-7	1.75616E-7	1.76115E-7	1.76617E-7	1.77122E-7	1.77629E-7	1.7814E-7	1.78653E-7	1.79169E-7	1.79689E-7	1.80211E-7	1.80736E-7	1.81265E-7	1.81796E-7	1.82331E-7	1.82869E-7	1.8341E-7	1.83954E-7	1.84502E-7	1.85053E-7	1.85607E-7	1.86164E-7	1.86725E-7	1.87289E-7	1.87856E-7	1.88427E-7	1.89002E-7	1.8958E-7	1.90161E-7	1.90746E-7	1.91335E-7	1.91928E-7	1.92524E-7	1.93123E-7	1.93727E-7	1.94334E-7	1.94945E-7	1.9556E-7	1.96179E-7	1.96802E-7	1.97429E-7	1.98059E-7	1.98694E-7	1.99333E-7	1.99976E-7	2.00623E-7	2.01275E-7	2.0193E-7	2.0259E-7	2.03254E-7	2.03923E-7	2.04596E-7	2.05273E-7	2.05955E-7	2.06642E-7	2.07333E-7	2.08029E-7	2.08729E-7	2.09434E-7	2.10144E-7	2.10859E-7	2.11579E-7	2.12303E-7	2.13033E-7	2.13768E-7	2.14507E-7	2.15252E-7	2.16002E-7	2.16757E-7	2.17518E-7	2.18284E-7	2.19055E-7	2.19832E-7	2.20614E-7	2.21402E-7	2.22196E-7	2.22995E-7	2.238E-7	2.24611E-7	2.25428E-7	2.2625E-7	2.27079E-7	2.27914E-7	2.28755E-7	2.29602E-7	2.30456E-7	2.31316E-7	2.32182E-7	2.33055E-7	2.33934E-7	2.3482E-7	2.35713E-7	2.36613E-7	2.3752E-7	2.38433E-7	2.39354E-7	2.40281E-7	2.41216E-7	2.42159E-7	2.43108E-7	2.44065E-7	2.4503E-7	2.46002E-7	2.46982E-7	2.4797E-7	2.48966E-7	2.4997E-7	2.50982E-7	2.52002E-7	2.53031E-7	2.54068E-7	2.55114E-7	2.56168E-7	2.57231E-7	2.58302E-7	2.59383E-7	2.60473E-7	2.61572E-7	2.6268E-7	2.63798E-7	2.64926E-7	2.66063E-7	2.67209E-7	2.68366E-7	2.69533E-7	2.7071E-7	2.71897E-7	2.73095E-7	2.74303E-7	2.75523E-7	2.76753E-7	2.77994E-7	2.79246E-7	2.80509E-7	2.81785E-7	2.83071E-7	2.8437E-7	2.8568E-7	2.87003E-7	2.88338E-7	2.89685E-7	2.91045E-7	2.92418E-7	2.93804E-7	2.95203E-7	2.96615E-7	2.98041E-7	2.99481E-7	3.00935E-7	3.02403E-7	3.03885E-7	3.05382E-7	3.06894E-7	3.08421E-7	3.09963E-7	3.11521E-7	3.13094E-7	3.14683E-7	3.16289E-7	3.17911E-7	3.19549E-7	3.21205E-7	3.22878E-7	3.24569E-7	3.26277E-7	3.28003E-7	3.29748E-7	3.31511E-7	3.33293E-7	3.35095E-7	3.36916E-7	3.38757E-7	3.40619E-7	3.42501E-7	3.44403E-7	3.46327E-7	3.48273E-7	3.50241E-7	3.52231E-7	3.54243E-7	3.56279E-7	3.58339E-7	3.60422E-7	3.6253E-7	3.64662E-7	3.6682E-7	3.69004E-7	3.71213E-7	3.73449E-7	3.75713E-7	3.78004E-7	3.80323E-7	3.8267E-7	3.85047E-7	3.87454E-7	3.89891E-7	3.92358E-7	3.94857E-7	3.97388E-7	3.99952E-7	4.02549E-7	4.0518E-7	4.07846E-7	4.10547E-7	4.13284E-7	4.16058E-7	4.18869E-7	4.21718E-7	4.24607E-7	4.27535E-7	4.30504E-7	4.33515E-7	4.36568E-7	4.39664E-7	4.42804E-7	4.4599E-7	4.49222E-7	4.52501E-7	4.55828E-7	4.59204E-7	4.62631E-7	4.6611E-7	4.69641E-7	4.73226E-7	4.76866E-7	4.80563E-7	4.84317E-7	4.88131E-7	4.92005E-7	4.95941E-7	4.9994E-7	5.04005E-7	5.08136E-7	5.12335E-7	5.16605E-7	5.20946E-7	5.25361E-7	5.29851E-7	5.34419E-7	5.39066E-7	5.43795E-7	5.48607E-7	5.53505E-7	5.58492E-7	5.63569E-7	5.68739E-7	5.74005E-7	5.7937E-7	5.84836E-7	5.90406E-7	5.96083E-7	6.0187E-7	6.0777E-7	6.13788E-7	6.19926E-7	6.26188E-7	6.32577E-7	6.39099E-7	6.45756E-7	6.52554E-7	6.59496E-7	6.66587E-7	6.73833E-7	6.81237E-7	6.88807E-7	6.96546E-7	7.04461E-7	7.12559E-7	7.20844E-7	7.29325E-7	7.38007E-7	7.46899E-7	7.56007E-7	7.65341E-7	7.74907E-7	7.84716E-7	7.94777E-7	8.05099E-7	8.15692E-7	8.26568E-7	8.37738E-7	8.49214E-7	8.61008E-7	8.73135E-7	8.85608E-7	8.98443E-7	9.11656E-7	9.25263E-7	9.39282E-7	9.53732E-7	9.68634E-7	9.84009E-7	9.9988E-7	1.01627E-6	1.03321E-6	1.05072E-6	1.06884E-6	1.08759E-6	1.10701E-6	1.12714E-6	1.14801E-6	1.16967E-6	1.19217E-6	1.21554E-6	1.23985E-6	1.26515E-6	1.29151E-6	1.31899E-6	1.34767E-6	1.37761E-6	1.40892E-6	1.44169E-6	1.47601E-6	1.51201E-6	1.54981E-6	1.58955E-6	1.63138E-6	1.67548E-6	1.72202E-6	1.77122E-6	1.82331E-6	1.87856E-6	1.93727E-6	1.99976E-6	2.06642E-6	2.13768E-6	2.21402E-6	2.29602E-6	2.38433E-6	2.4797E-6 25e-6];
nSi=[0.52512	0.53294	0.54031	0.54727	0.55382	0.56	0.56583	0.57133	0.57652	0.58143	0.58608	0.59049	0.59469	0.5987	0.60254	0.60624	0.60982	0.61329	0.61669	0.62004	0.62336	0.62665	0.62996	0.63331	0.63675	0.64028	0.64389	0.64767	0.65164	0.65587	0.66045	0.66559	0.67109	0.67687	0.68287	0.68909	0.69549	0.70205	0.70874	0.71554	0.72238	0.72919	0.73602	0.7429	0.74982	0.75678	0.76373	0.77072	0.77778	0.78493	0.79217	0.79953	0.80702	0.81463	0.82238	0.83032	0.83851	0.84687	0.85537	0.86399	0.87271	0.88156	0.89048	0.89944	0.90839	0.91729	0.92603	0.93469	0.94333	0.95194	0.96052	0.969	0.97748	0.98636	0.99535	1.0035	1.00005	0.99525	0.99285	0.99656	1.01014	1.03522	1.04698	1.0655	1.0687	1.08037	1.09032	1.10141	1.10974	1.1188	1.13254	1.13911	1.15479	1.16458	1.17512	1.18589	1.19509	1.21069	1.22184	1.23471	1.24747	1.26525	1.28067	1.2984	1.31861	1.33997	1.36205	1.38926	1.41626	1.44469	1.47176	1.50138	1.52611	1.54821	1.56555	1.57855	1.58549	1.58987	1.5914	1.59189	1.5887	1.58614	1.58156	1.57829	1.57377	1.57107	1.56968	1.56882	1.56829	1.5689	1.57045	1.57495	1.57956	1.58427	1.59086	1.59704	1.60842	1.61756	1.62913	1.6432	1.65768	1.67327	1.69203	1.71318	1.73711	1.76411	1.7939	1.83134	1.8745	1.92745	1.98794	2.05927	2.14091	2.23435	2.33896	2.45173	2.57196	2.69982	2.83395	2.97449	3.12072	3.27712	3.44476	3.63446	3.85005	4.08699	4.31959	4.52564	4.6864	4.80472	4.88813	4.94119	4.97698	4.99945	5.01238	5.0196	5.02102	5.02014	5.0176	5.01459	5.01056	5.00866	5.0098	5.00902	5.01197	5.016	5.02156	5.02933	5.03963	5.05227	5.06495	5.07904	5.09542	5.11457	5.1345	5.15552	5.17913	5.20403	5.23097	5.26146	5.29565	5.33564	5.38341	5.44173	5.5149	5.60989	5.73358	5.89402	6.08828	6.30723	6.52147	6.69487	6.79634	6.8289	6.79788	6.70742	6.58566	6.45226	6.31582	6.18508	6.06231	5.94805	5.84163	5.74364	5.65376	5.56993	5.49236	5.42003	5.34916	5.28362	5.23397	5.17494	5.11914	5.06625	5.01599	4.9681	4.92238	4.87867	4.83684	4.79677	4.75835	4.72143	4.6859	4.65166	4.61864	4.58678	4.55608	4.52648	4.49797	4.47048	4.44393	4.41824	4.39332	4.36911	4.34556	4.32264	4.30034	4.27865	4.25754	4.237	4.21701	4.19754	4.17856	4.16005	4.14198	4.12435	4.10716	4.0904	4.07406	4.05814	4.04262	4.02748	4.0127	3.99829	3.98423	3.97051	3.9571	3.94399	3.93116	3.91857	3.90623	3.89307	3.88148	3.87026	3.85831	3.84675	3.83675	3.82573	3.8151	3.80537	3.79646	3.78732	3.77801	3.76841	3.76046	3.75218	3.74493	3.73629	3.72758	3.72091	3.71375	3.70525	3.69709	3.6877	3.68094	3.67186	3.6631	3.6548	3.64667	3.63873	3.6313	3.62484	3.6189	3.61328	3.60785	3.6025	3.597	3.59149	3.58602	3.58059	3.57517	3.5697	3.56424	3.55878	3.55334	3.54789	3.5424	3.53693	3.53151	3.52619	3.52099	3.51601	3.51117	3.50646	3.50186	3.49736	3.49292	3.48859	3.48438	3.48032	3.47641	3.47269	3.46914	3.46575	3.46254	3.4595	3.45664	3.45397	3.45141	3.44904	3.4471	3.44613	3.44548	3.44488	3.44406	3.44275 3.44275];
